2274082
2268999
2264113
2265685
2274841
2280716
2249007
2271578
2274606
2274924
2274088
2279453
1366856
2272782
2265417
2280470
2281162
2235945
2269978
2266942
2265215
2266583
2269179
2266101
2265454
2274830
2279408
2274678
2274637
2280548
2265690
2268082
2280701
2273945
2272538
2279801
1368626
2279723
2271201
2275708
2263686
2273257
2271032
2274547
2266908
2271235
1661008
2279513
2280095
2263974
2269919
2267418
2280534
2273048
2273764
2279749
2271500
2274612
2269152
2275629
2279587
2279542
2272155